50892464
50899016
50907970
50911192
50914428
50921162
50932310
50938895
50945550
50954475
50957712
50963196
50969808
50983256
50989870
50996501
51005324
51008519
51011742
51018385
51029570
51036103
51042751
51053934
51057193
51060443
51065875
51078335
51084938
51091706
51099390
51102596
51106970
51112491
51124816
51131415
51136848
51146860
51148966
51153334
51158836
51169922
51176487
51183128
51192124
51196459
51200786
51206282
51219695
51226369
51232904
51244125
51246203
51250543
51256079
51269450
51278379
51284990
51293868
51298220
51302555
51309272
51322762
51328255
51334865
51346127
51349388
51352596
51359301
51370413
51375920
51382565
51393734
51396957
51400156
51406828
51420338
51425839
51432460
51441397
51444676
51447959
51453508
51465791
51472722
51479346
51488264
51491446
51495799
51501223
51512500
51519052
51525598
51534551
51540092
51543384
51548853
51561197
51566782
51573532
51582433
51587941
51592248
51598800
51610020
51615552
51622165
51631120
51634346
51637572
51644218
51655500
51662124
51667536
51676481
51679711
51684063
51689773
51703161
51709789
51716463
51727729
51729806
51734123
51740759
51752005
51758648
51765256
51775287
51778559
51781815
51789555
51801774
51808421
51815041
51826285
51828419
51832731
51838181
51852662
51859192
51870213
51873468
51876777
51883423
51895247
51900689
51907338
51918521
51921837
51926141
51931664
51942825
51950598
51954997
51964945
51968112
51974745
51984877
51993810
52000395
52008157
52018253
52021597
52025952
52031426
52042598
52049262
52055959
52064835
52068053
52072401
52077911
52090336
52096949
52103566
52112599
52118174
52121720
52127272
52139545
52146125
52152727
52161659
52164885
52168100
52174716
52188252
52194913
52201524
52209598
52212863
52217150
52223783
52236053
52243829
52251478
52259344
52264687
52270110
52276599
52287879
52294526
52300023
52312439
52314599
52318976
52325662
52337947
52345739
52351273
52361378
52364566
52367787
52374420
52387894
52394546
52400111
52409037
52412283
52416598
52424386
52433257
52440957
52447594
52456555
52459788
52462958
52469530
52483072
52489747
52496363
52505245
52510694
52513875
52520534
52533968
52540564
52547279
52556171
52559413
52563686
52570247
52584825
52590378
52597026
52605917
52611467
52614583
52621271
52634595
52641196
52648967
52656802
52661597
52663600
52670352
52683843
52689944
52696517
52705362
52710898
52714149
52721991
52731022
52738804
52746670
52754463
52757737
52760957
52767544
52780960
52787603
52795393
52803013
52807485
52810707
52817384
52830750
52839698
52846370
52856365
52859564
52862757
52868241
52882728
52889374
52895884
52904796
52910249
52914596
52920080
52933494
52940120
52946770
52955692
52958921
52963270
52968745
52983466
52989015
52996770
53004527
53007720
53010933
53017548
53030985
53037584
53044200
53053228
53056495
53063122
53068551
53079809
53087571
53091970
53101970
53105288
53109691
53117501
53126425
53133037
53139690
53148594
53150704
53155092
53161693
53172917
53182338
53186693
53197755
53199753
53204071
53210689
53222172
53228748
53234096
53245347
53248584
53252819
53258488
53271927
53278559
53285188
53294327
53298697
53303060
53309655
53323134
53329776
53336410
53345399
53348703
53351934
53358505
53371894
53380842
53386336
53396374
53399554
53402694
53409216
53420367
53426936
53433523
53442441
53444568
53448966
53454491
53467816
53474447
53481090
53489943
53493138
53498599
53506353
53517495
53524088
53530671
53539523
53542720
53545916
53552501
53566037
53572595
53579257
53589562
53592788
53598265
53603751
53617861
53625663
53632263
53641074
53644182
53647264
53652772
53667321
53673983
53679512
53691708
53694826
53697985
53704595
53718070
53724534
53730053
53740058
53742091
53746451
53753131
53766593
53773230
53780982
53788703
53791899
53796120
53801472
53816079
53824436
53829949
53839900
53843097
53846293
53852921
53867445
53876382
53881908
53890737
53893869
53898123
53903913
53917418
53924131
53930763
53939657
53945123
53948331
53954276
53967593
53975349
53981975
53990880
53994137
53997336
54003909
54017410
54025253
54028490
54039595
54045104
54048349
54053851
54068489
54076239
54082839
54092989
54096235
54100535
54107133
54120602
54124984
54132702
54143880
54147138
54150374
54157061
54170436
54179476
54186130
54194007
54197202
54201427
54206948
54221692
54227348
54233969
54242836
54248341
54251459
54258293
54271727
54278325
54284978
54293823
54297093
54300308
54306923
54320328
54326975
54333555
54342469
54344563
54348966
54354597
54367972
54374595
54381246
54392400
54395661
54398868
54405544
54419049
54425667
54431212
54439993
54443236
54446502
54453141
54466544
54473267
54479924
54489984
54492154
54496489
54501903
54516528
54525416
54529789
54537529
54541909
54545124
54550657
54562926
54569568
54576251
54585324
54588654
54591832
54598378
54609585
54616274
54624035
54631666
54634916
54641441
54646837
54659306
54664936
54671559
54682741
54687113
54692561
54699282
54710485
54717105
54723715
54731364
54734428
54742098
54748738
54759973
54765351
54772045
54783135
54786242
54792901
54798384
54810538
54816068
54822704
54830472
54837117
54840274
54845766
54858137
54863687
54870323
54879318
54882538
54886846
54894518
54903332
54911064
54916658
54925520
54928678
54931909
54938598
54952126
54956490
54962972
54971700
54977196
54980365
54986956
55000408
55005884
55012508
55024932
55028142
55033595
55040245
55051389
55055774
55064594
55075738
55080019
55084332
55093370
55101086
55107656
55114290
55126646
55128597
55132840
55139375
55153888
55157009
55165909
55177040
55179092
55183405
55191195
55201306
55207918
55213366
55225724
55227969
55231132
55240030
55250029
55256707
55261055
55272154
55275343
55278519
55285179
55296344
55302941
55310686
55319570
55322841
55326056
55332654
55343849
55350511
55357247
55364872
55368210
55372539
55377991
55390360
55393564
55402406
55413548
55416760
55422307
55431129
55437762
55444384
55450970
55459857
55463078
55469597
55475034
55487328
55492714
55499343
55510499
55513698
55516921
55524811
55533704
55540262
55546921
55558134
55561368
55564553
55571600
55585184
55591879
55596253
55606225
55611704
55614929
55621579
55634971
55641555
55647013
55659395
55661487
55668061
55674598
55685781
55692421
55697885
55706795
55712247
55715479
55723312
55735470
55742150
55747648
55758799
55762000
55765195
55771802
55785174
55791716
55797092
55809403
55812655
55815764
55822342
55835598
55844666
55850161
55858907
55862165
55865337
55871863
55885406
55892066
55897497
55909780
55911856
55916098
55922958
55936417
55942936
55948432
55958488
55960516
55967131
55974878
55984830
55991471
55996957
56005807
56011218
56015530
56023364
56032199
56040008
56045511
56057822
56061082
56064294
56072116
56082217
56088890
56095530
56103255
56106487
56110808
56117426
56128585
56134084
56140699
56149572
56152807
56159429
56164928
56179529
56185062
56190570
56200568
56204920
56208075
56213475
56225860
56229078
56237955
56249134
56253530
56256866
56262367
56273479
56280182
56288007
56295745
56299120
56304600
56311352
56322675
56326962
